268.17427585826215
206.57816530972104
202.88702101709728
194.5046603589699
190.18763055306223
187.5202242618243
185.38769358541674
183.7250310594074
182.19721828113833
180.61250877933895
179.04922383745813
177.70318624544532
176.48625316004373
175.64008228441074
174.6864273611125
173.94661480862513
173.24984848132038
172.62892839032483
171.90554668494204
171.3793242901041
170.65520384942974
170.18929729458242
169.6195276848725
169.09634120179342
168.65131851150753
168.19826309902876
167.75944869080317
167.3440733480902
166.90533020768765
166.47966357025425
166.1932547971202
165.7705664616703
165.5257189308184
165.0374917712119
164.82758587302405
164.48542708248513
164.33022716514364
164.11873415920638
163.6238844969458
163.37249460935436
163.42142015391602
162.94195455100052
162.57979918399357
162.4504438233907
162.24357955113723
162.02819255602236
161.8442028867932
161.72673872184558
161.58198381072344
161.23344012507852
161.14787329799086
161.02183780506024
160.80319624308137
160.73933111099183
160.46549322004978
160.40766904560078
160.28459918287393
160.2278528199021
160.0113738039167
159.98182981407592
159.82001581360132
159.5524893944104
159.56424774054682
159.37894682320868
159.254376313014
159.2079497360871
159.21939605091302
159.09872767563118
158.96387887350056
158.79388089323064
158.71288090795073
158.6861742011796
158.69364815320958
158.53923755425646
158.45034410035058
158.46037756220397
158.26159078860033
158.21938019150443
157.99139098878706
157.99914265727935
157.96188714661187
157.81870684848823
157.73836983282305
157.67528460495228
157.59455404004078
157.73101679080193
157.56319805817162
157.6434835875267
157.3655276892338
157.27988274742196
157.27493025256555
157.3319674169674
157.2025258352813
157.10578014537842
157.1335595693387
156.9158106959483
156.92047179997851
156.88512613541334
156.88797621243395
156.64335540338521
156.61090606017032
156.53925768368757
156.54344569479733
156.4780533452881
156.43789523060684
156.29196751295513
156.48176885442004
156.27648808119093
156.2064283318071
156.12477015464978
156.1464086437011
156.0236743153494
156.1286720203441
155.93292002175428
155.97347030496937
155.84723217765915
155.67059842269873
155.7214685369363
155.6668172828229
155.71383439099236
155.70075012016147
155.56945661402804
155.59311968157184
155.40367363607453
155.31592765169896
155.2070255934599
155.31816087550638
155.29009993319056
155.22174366699335
155.11635020940173
155.1905053689107
155.15938553801394
154.96699647820958
154.89091033933647
154.84826399785877
154.70975795820385
155.18379923335084
154.87759666266686
154.75008656484823
154.67391837704767
154.56248195041562
154.76969158257938
154.54391544525572
154.60676756323855
154.51043682801426
154.5759196102385
154.50090203894584
154.50724083483394
154.3592986118845
154.21093570354665
154.2547090014053
154.23656104110162
154.20811743497345
154.26447293908623
154.03964948855065
154.01090569747916
153.97783521686353
154.14800926679112
154.09369394953077
153.9500949773322
153.96561708480965
153.8558054808544
153.8196529565943
153.77059049319666
153.6733383474661
153.65265708471924
153.71806791717748
153.6119261689617
153.45648438139432
153.5809704800702
153.16268530840927
153.28233657891673
153.0555805678516
152.87341450703042
152.89328643693653
152.81665553475085
152.54714552245474
152.45997209981323
152.4000305999011
152.27640934335693
150.8436243624914
148.58417689347115
147.6838515313729
147.6201099240474
147.1215133578993
146.76163254219836
146.4005492407829
146.41614754025474
146.21146775547246
145.89631916796296
145.67282137302075
145.49725784280483
145.36423786519836
145.04767672319102
145.10616939988657
144.84177566234675
144.96087397407473
144.89148256003216
144.7102962493217
144.74108900701182
144.37000982356747
144.24883733194932
144.03048777081085
144.08284646576104
144.37919706013645
144.12685468296146
143.89601188774222
143.69931736415165
143.9562979727563
143.81670894605816
143.60744014912297
143.4031010880762
143.24346597552184
143.13435697839
143.19958278669935
143.11124717291156
143.06649084951258
143.04267327122417
143.08667637132405
142.90750127350373
142.9322530343363
142.7737236575618
142.91724678048413
142.89253015884944
142.59220941115544
142.59388104073835
142.4502348842498
142.33262825995354
142.41536224409666
142.29574082730426
142.27936827442633
142.24860444058396
142.02322204930485
142.06555944256974
142.09794407702057
142.13264195112438
142.03212379797748
141.9819836229365
141.80875351401744
141.6996809216879
141.80397132972232
141.8106103153265
141.6636013918079
141.61450800211668
141.502777192148
141.6164327383785
141.56702385276554
141.5778870174182
141.36165093673782
141.1955332777273
141.36487216955322
141.26695593638306
141.22925230510285
141.17022796928376
141.1837880486505
141.13210858135426
141.19465274824532
141.06472917989183
141.2227777876121
140.9991115825173
140.99658340535606
140.757459147779
140.71601462853508
140.73242011108496
140.8207229404231
140.83041691587098
140.777343412486
140.68152594613585
140.64662024778357
140.5957040938505
140.4841446504723
140.3014991482148
140.2880160128594
140.10756109599876
139.97997917072755
139.92035853432108
139.77299011064048
139.76890161942083
139.4840847096959
139.23302377454908
138.98509701008354
138.7974661299828
138.3204908167837
137.88833337783032
137.6174566757378
137.4481587708587
136.93901863466863
136.6053733962553
136.3758899388805
135.949276585848
135.82256672098475
135.46443641015105
135.3782660591084
135.07310104371595
134.9346394963956
134.88098104654483
134.91498663964796
134.75198858970796
134.52784546028678
134.63970603295684
134.35979989182167
134.37265816103644
134.2178974291197
134.2988093833343
134.17599416655344
134.06377826879068
133.91330931758455
133.8780268133117
133.74610474348577
133.72012813247005
133.5571983984982
133.57786167599858
133.46333152157797
133.4942016374248
133.22974129817783
133.3189044343113
133.30781902953976
133.13478641784388
132.94775332124183
132.94095827689958
132.6853477428596
132.7227769327848
132.4368921146159
132.53222822075304
132.09610945282049
132.0726538453896
131.58806833954074
131.40985853065288
131.21921273310153
131.06988025791733
131.17612614769737
130.94637105110002
130.6738851816088
130.52665465632225
130.2527337382667
130.04538236360125
129.9471969301054
129.94789733221418
129.76843001394136
129.72870112795255
129.67597287576183
129.40974415930557
129.34629500645568
129.46945004214237
129.30136646113954
128.86245710315407
128.95735147498957
128.85500331703605
128.70663275139017
128.83643716806307
128.76213350924587
128.66110945617461
128.48840616361235
128.28201464422827
128.30585337505096
128.11982449965072
128.18870156784712
127.97847579660143
127.90245579622159
127.89555504624282
127.71921391676418
127.72716419735613
127.52702838766612
127.61467940000561
127.55679692838974
127.40846609667793
127.36145337792011
127.23881995474234
127.27951018811282
127.05751706838936
127.02793605644486
127.01989722158373
126.96947785083195
126.92615702025704
126.80556349437656
126.76675326895709
126.81252408920325
126.68595626097459
126.62365021758391
126.54339627591507
126.56887235970115
126.55013533592842
126.54910172018354
126.53398662187715
126.48755377336553
126.35909920124581
126.21446925817115
126.09206870776492
126.02533324163284
125.90874723065384
125.93281127826523
125.98118920677203
126.06151108146754
125.92541410849729
125.77713644660072
125.77703941220277
125.77860055893944
125.65603900614643
125.65129349431042
125.85118535690913
125.8834690010752
125.63407062207625
125.41252086054901
125.38120986404252
125.48389190604809
125.19455392867278
125.3202259671739
125.33104965083281
125.25158243273303
125.23841344123846
125.32026486706222
125.18169006500601
125.20244176130942
125.07677735835844
125.10109839004816
124.98640326186303
125.01284610308683
125.0391402477294
124.90961910619518
124.86376806976725
124.98669330824416
124.75933811091342
124.87809352559921
124.69837318469267
124.77048621810592
124.78396131521411
124.6488139192108
124.6289142335232
124.66364132281927
124.7832724915069
124.61962022105743
124.56525773966464
124.55952814653519
124.45446480849394
124.35651487359172
124.41964275982971
124.37285874539822
124.3416306426215
124.36376831437084
124.20657125310859
124.22210219000047
124.29534824028408
124.10175276453747
124.40952593275314
124.29742869687838
124.2276507350534
124.27872287214659
124.12756951862585
124.15964382666562
124.04822107466671
124.18772921146036
124.18700307495055
124.01950096534618
124.0065649641901
124.03118478119727
123.95627502367249
123.73297067675487
123.91190809230349
123.86200420417232
123.85554878118582
123.78809832030011
123.59690823314337
123.69382048306137
123.70356506999666
123.73820279771088
123.85013913475831
123.63621755203371
123.60511920271738
123.68532978937031
123.58617182357254
123.52250068994387
123.67775911150069
123.65261874459397
123.44926664174851
123.30524738670098
123.36823885871375
123.35444521334531
123.56724013016297
123.60094012408459
123.51964326845187
123.4753342325796
123.2936916676434
123.16991899690335
123.21945065210295
123.42306179329519
123.31526863483955
123.29549565496191
123.14895515070174
123.07364887737997
123.03863192135312
123.06915205543443
122.96730626128588
122.86501080838865
122.8371174292088
122.92249217569749
122.82394698821516
122.88828947058296
122.83615288134025
122.85586536555117
122.68052550769349
