268.73308139744034
206.69320599219913
206.2438433574336
202.06635423684185
194.473583602868
190.15158294573365
186.83022782617655
184.70589086152458
183.09089462668933
181.5512971669938
179.94179450091067
178.373977088171
177.18636338855248
175.9151857936426
175.06433644640956
174.07523143334748
173.24389230861078
172.46393165748535
171.7470333288628
171.19255409728265
170.57308777285567
170.07866771882283
169.4927252230931
168.97459723958266
168.45166801463822
168.14643555856728
167.53003274121977
167.14407779556515
166.7883893625536
166.2414709757054
165.86930257731183
165.4941634699534
165.08835874105304
164.69718091687935
164.53401838162932
164.17731941596193
163.80242800411907
163.58220350569547
163.26258817070052
163.18080749001354
162.78113811487663
162.54813961912376
162.3376675097973
162.0930910660913
161.99025869852903
161.75731718454963
161.4967753648475
161.38659692431818
161.2373628146723
161.05583018270116
160.829803376731
160.81321847858106
160.57267743498568
160.49144366949218
160.212422793477
159.99645850449897
160.0020624679854
159.98453793478467
159.83561089399237
159.6543887507124
159.4901336196216
159.2719942231306
159.27759215617732
159.32032582476
159.13526932765816
158.94126303314746
158.9730459879386
158.83935705195734
158.79397185847847
158.7454477120254
158.45319292840668
158.41142554383356
158.38100352018662
158.31811528475814
158.17270693952426
157.95177060078612
158.11569577609424
157.88081455649964
157.96045832487286
157.83817847521743
157.65392631275347
157.5489916049466
157.73103436416665
157.50460464435835
157.5356737952423
157.40503825732318
157.53579366567763
157.23150380042944
157.1383113869982
157.10405326327628
157.30981372110418
156.93647917839718
156.9530060416006
156.92674212615967
156.81210887614418
156.67056695789114
156.7256084842285
156.6408554656314
156.8338322546364
156.57272748295688
156.53137763387014
156.57127580199602
156.45669104707434
156.5334819152751
156.31934356716985
156.21963851898423
156.29738059336776
156.15667072698872
156.24152691047914
156.2748443198803
156.24199267596427
155.97494970738794
155.96223829086918
155.9599407130283
154.89005194284766
153.38156010378515
152.5569879767335
151.89824682411793
151.22367629442834
150.5320836296402
150.04074043697054
149.52597452694573
148.90789362554997
148.68142002000306
148.4414242233279
148.19205872075236
147.9511791187384
147.5734448222136
147.32298492626447
147.20964835136448
147.14016576997363
146.717769337111
146.74045700443423
146.4670955379757
146.39084060829097
146.34675978951734
146.20475053468772
146.09236422647888
146.08586203050507
146.03124868812571
145.76146167651308
145.52084786940162
145.42813142946886
145.21797694608867
145.02498763650547
144.96611897112237
144.8703140138209
144.75938961619138
144.6539485835294
144.4830944593572
144.5019186321025
144.33895669781552
144.21562489370436
144.00991129433643
143.88416194941334
143.76081509377934
143.70038999155602
143.3710530635689
142.89224686402105
142.559345798485
142.14259589694902
141.72936129219173
141.1857755383029
140.74357691137845
140.16964838204473
139.94132040229547
139.44676235338846
139.17023113794195
138.70394040970484
138.61445625741732
138.32379167138137
138.0008257839254
137.67345459847226
137.64287596460537
137.47761999722917
137.0866927503769
136.8021250345566
136.68440055473837
136.671945348941
136.36756083580244
136.2067171196945
136.30273902039127
136.027487901951
135.9250627128412
135.84248589837077
135.70150941515357
135.4961253256376
135.41665451852725
135.2042025895369
135.19545773117758
135.1198468294953
134.96816147455357
134.93446548749046
134.77692429712593
134.64929038714
134.7529128800102
134.79817820382212
134.55118476966825
134.2961194169463
134.39053178976164
134.30967625171732
134.20927865739787
134.15754199616268
134.18947968420636
134.13930111264202
133.77966228266152
133.7046605354354
133.74744586484556
133.70966263139866
133.60439843561758
133.45643201856254
133.5786013737904
133.37015447298458
133.2106574558544
133.1699121555834
133.15051924328776
133.27521784258053
133.1340265020491
133.22927725274965
132.95510395129543
132.87101582026213
132.88207623890028
132.89764785402744
132.67236192506147
132.7325084836857
132.6566675721493
132.84764547188504
132.65705189046284
132.48507862185258
132.51038924640355
132.48652805313344
132.40152176957585
132.38459947201142
132.3017646591615
132.1244986928746
132.07885031130888
132.06201027631403
131.9759145116487
131.99272824446726
131.76954167148523
131.68122739138497
131.3066391856886
130.80105623135802
130.5214021810427
130.02811977911105
129.59172622877347
129.13636046665007
128.888288322249
128.61851628267127
128.35627039288372
128.16625556626366
128.01366622446545
127.74614790629967
127.82699260849033
127.73002525258556
127.48428296226453
127.40833500731364
127.41016022370349
127.49029799613636
127.4555574424029
127.28791234328382
127.2338289288584
127.01366920303865
127.07848437468495
126.87555300724053
126.72809582122785
126.86617466259332
126.78671129710763
126.60362951620701
126.446779262556
126.39078409384761
126.29426915461586
126.29163628419175
126.27600861761331
126.27872751658805
126.21057009356178
126.29656425685332
126.15440709263163
126.11025347412101
126.11770574532024
126.0312361792547
125.85252014480034
125.87250665970616
125.751078603087
125.7547668814966
125.69936093654438
125.56834281897368
125.5516482512936
125.62677037511253
125.62909048974826
125.60801694657292
125.34737798068223
125.24029881121062
125.22761048959272
125.01562613883114
125.0003481445697
124.91950769421969
124.72886840607349
124.64558991627423
124.58439682074777
124.32450138760419
124.09896079041384
123.94266209726784
123.8643668295059
123.80713036710607
123.56261754575621
123.49922249728883
123.19827297767911
123.24484966140471
123.11016065623086
123.04401095751855
122.99467119169748
122.88886356667793
122.75145338658487
122.69387077836015
122.53315798978413
122.44524227788662
122.46199500012976
122.28937582587305
122.16035433455887
121.96795913397156
121.93107269494213
121.93851389129857
121.9678159385637
121.90068573533655
121.64358023482075
121.61316390812114
121.5530751131445
121.5167051893138
121.3849848459208
121.3021934345183
121.35979694248543
121.2451792650156
121.18159313183955
121.17121560153275
121.13881737089426
120.9416321714225
120.82180058834896
120.87642067601222
120.78502797560573
120.75894585254815
120.64019627569718
120.69811401408059
120.59759370188195
120.5693511912621
120.40292412516204
120.27124323948382
120.36751980128338
120.2831039880527
120.21339234293914
120.1980949844163
120.12487548721131
120.1915409985222
120.0886402354004
120.0319597827818
120.0519736767455
119.94595959024258
119.86339572508702
119.7107561878308
119.70947880683235
119.56367620588972
119.68941610992076
119.58896927387921
119.55564230549041
119.49784931301197
119.49193941252756
119.4402068037844
119.49388982453314
119.4092371506263
119.32482754570444
119.35756608474533
119.22125087539803
119.113475257663
119.34622873287098
119.48990106867845
119.20264135040885
119.0740182515853
119.01641884088987
119.08629197685646
118.97937574138511
118.92004023102194
118.85933109158577
118.9035757963465
118.95072045322688
118.87725160625463
118.89440414494057
118.71524825817639
118.72441208778059
118.68662560671761
118.68864374637214
118.59755890713895
118.68095652957233
118.61261869982785
118.571760019911
118.6513809409051
118.62378900674281
118.6223777515504
118.41549711958052
118.30983690488861
118.37277834791774
118.34762353049464
118.24328186063879
118.30447438919747
118.20944424601302
118.10176167273345
118.18988662783167
118.20074261415931
118.27872826459092
118.20207377684727
118.09103066838813
118.02096636112529
118.0796656688299
118.05627316617412
117.95247379158151
117.84798073836232
118.04711813656377
117.9969126923735
117.97590189995505
118.00837795281491
117.74277201439507
117.87180194933644
117.86366089658618
117.79945357155358
117.6146941235649
117.81659343353095
117.8110968206575
117.87181202648532
117.81952634799453
117.66487727560303
117.64912868261699
117.67055049710233
117.46614946996841
117.50026338037301
117.54525974115089
117.490156660644
117.33140726285068
117.38570893340945
117.3822516505864
117.28123075698842
117.36764817737831
117.38898462436843
117.42938558404553
117.23704088779931
117.30713101604465
117.33630959242191
117.18004819251216
117.14813115717753
117.32705316924557
117.1404449466965
117.24806015073678
117.37752845459468
117.41364573500469
117.42572085921812
117.21024821256898
117.19057926033686
117.19484490861213
117.09147250459228
117.10349458621917
117.3212548212384
117.10743950309757
116.99027259587265
117.03560020148522
116.94966753408924
116.90655402465244
116.96871218985638
116.93000461505855
116.69608152635035
116.79600097917434
116.72966316467163
116.67087458470179
116.67751354680841
116.68657712033412
116.61684270913034
116.72641684238255
116.603468987068
116.6597163182492
116.46427428606216
116.54149127255319
116.34490721513905
116.3267268740558
116.30075634945203
116.38400739055568
116.28014958429542
116.22678747707043
116.23815998841657
115.9863732780286
116.09649244238709
116.20444622120458
115.99647375330389
115.98712336769867
115.86228356188266
115.91609479144395
115.8410826597487
115.8831869896394
115.74956433143612
115.52965066974639
115.4656239636426
115.40939247830458
115.34050353328311
115.4057318737364
