260.2384905061637
201.4769501239084
193.08377665253892
189.49696797954968
186.43214695446605
183.9282067679543
181.5699286706284
179.40738793806477
177.36642092961043
175.37111463680836
173.62537678952293
170.28585371495956
166.25300702213747
163.18684196883765
159.55972717273136
155.6378261276761
151.0501012372657
147.14234283325365
143.67209417963133
140.18489042248567
137.38528527456108
135.08939289202695
133.18432375032717
131.60197055373902
130.21299618423538
128.9335577736357
127.52394052454855
126.25886202838866
125.0280020796609
123.9847316211047
122.85042269796152
121.89628380731314
121.0063514376015
119.9930285414559
119.13645579856139
118.29486065549771
117.56710138511463
116.7739522699415
116.06363952856724
115.31672772264454
114.56957318307171
113.9017009090003
113.40044561952165
112.74938650945151
112.2132923466626
111.66270307856253
111.0923552149049
110.59265541369514
110.15444659507112
109.72153360503869
109.29879735149937
108.8222759845896
108.5266960530024
108.11102291989995
107.70175949128377
107.34864754777115
107.00502907624028
106.63481837116768
106.2912351953708
106.11226693745766
105.77666045563383
105.48432116958828
105.21004571027899
104.81743549468315
104.62788258695247
104.38256861025289
104.2161968152851
103.95105281069674
103.69661507749127
103.33816720908037
103.15025992684494
102.85579866295954
102.56750252137259
102.33035338020105
102.16341086751818
101.90432414902538
101.72479504064695
101.46302635768332
101.26051699314002
101.07629105451262
100.90609312351303
100.80024788487799
100.74018933779729
100.46705507701675
100.28990679415546
100.09201086578022
99.97589929952002
99.8583627084533
99.63655706676494
99.49568935113807
99.42743578564362
99.26020015612485
99.10474427088157
99.02372747589415
98.87099824145858
98.75956705195968
98.6045782118402
98.54834542337977
98.45444213686459
98.35503025866427
98.17381887301823
98.20238071830885
97.97763160688754
97.87839430092167
97.79579604118871
97.77697556749625
97.64930480189287
97.46458958935395
97.39629230482852
97.37393500498284
97.34602960036979
97.16709559444418
97.09010756817679
97.00252589369259
96.94422579055855
96.85271177929819
96.76455809027685
96.7063078957303
96.58275474152778
96.59232771820076
96.5734963151512
96.4526764901388
96.29030144837505
96.28142721582199
96.33340417846425
96.14798569225685
96.16344849436521
96.10820745948784
95.96258059957589
95.93326295286856
95.93551130503549
95.77210844375722
95.7785195481643
95.72445797738588
95.64732082913
95.64234020221073
95.5183157662246
95.47417301456774
95.45414288854074
95.35854503670137
95.328085384825
95.35481072037472
95.21680754096127
95.23695052025731
95.15705665931765
95.1709416146962
95.08963701748232
94.99134025360513
94.99431306225756
94.96994737900259
94.86201252201467
94.83136906473412
94.75701034206263
94.62985606612557
94.7086940349105
94.75718202775334
94.5763765264976
94.57037702230727
94.517524807871
94.50476274399803
94.52264462019578
94.37473438879876
94.4180521950955
94.28532093481344
94.31559840478437
94.23460158340352
94.25322495464896
94.17057346237205
94.17942519755194
94.12255926950188
94.09097863533303
93.97497804474592
94.0283284553684
94.00318847398464
93.94915542081777
93.97120767623679
93.93926947947875
93.87771819599874
93.86781480030378
93.81325876408101
93.74724018652905
93.7502711716548
93.76665642609551
93.80401331089645
93.71505250857597
93.6221621903374
93.5703173717617
93.61491462738654
93.52710248505699
93.53332929774977
93.51193492194201
93.43344190419303
93.44681615139652
93.42657116813712
93.39930360908302
93.34583713807406
93.33331903757292
93.31404095002038
93.25075841984484
93.23862977253974
93.21395339505627
93.23873008913343
93.23332951635675
93.13205808676479
93.16016673164427
93.16463558345126
93.09283352873335
93.10389606729794
93.06164387712992
93.08721229208005
93.08475549094622
92.9368301523404
93.02100424744921
92.98840610803724
92.9741925128869
92.90918506216643
92.93164684896833
92.89311941373238
92.90385474836242
92.83566313732835
92.86411015962881
92.77828387585863
92.73765869048665
92.72785248266865
92.81342636102578
92.68503133732247
92.73413593754042
92.69451353016598
92.6813800584901
92.62054118268836
92.62773797780618
92.63019569076658
92.66796424036694
92.60173493776733
92.60436853541495
92.53295139956502
92.56742074406667
92.50301600956723
92.47854056270131
92.45731459492214
92.46801603974116
92.40776446047059
92.44365656238287
92.37254676260189
92.37314574878997
92.43346565156463
92.32558607418308
92.31745235945458
92.36121464558089
92.3018560286019
92.23358263976438
92.23983822730331
92.19596097851681
92.2453528574936
92.23677601836746
92.22217274269796
92.21278878442207
92.18461292976302
92.20296215533003
92.19405724627252
92.1068479551627
92.04357038874167
92.1157577926908
92.09632880346656
92.07214568077599
92.02312360779548
92.10750153149986
92.03616202411601
92.0157816896671
91.97750766132555
92.02633707000153
91.95221265986432
92.00164123713267
91.89545876462314
91.95230041677668
92.0188634847345
91.85229525590157
91.8799612582956
91.89118476982506
91.87991052750212
91.89903470437362
91.82882245998483
91.82989961847163
91.79764646599907
91.7756785325849
91.8164201196798
91.83932120846309
91.73998444044699
91.74985865519439
91.73755935088569
91.66511007780527
91.69791170614377
91.68866118662581
91.72581646410832
91.66233302417668
91.6608727724694
91.70742175300721
91.6306598398081
91.63433377894377
91.65421453625679
91.67643024481453
91.60916596640271
91.603886349109
91.57662763693492
91.5033788184762
91.55884757466973
91.55483867584167
91.49828874100545
91.55926268405898
91.48631463964117
91.48675005348561
91.40205843135332
91.44887967533099
91.44846651584724
91.50988363104348
91.48770962023563
91.46557744980605
91.41035395637718
91.4226534055493
91.41247057693057
91.3869892323872
91.44030225412348
91.37131083597203
91.40373769899901
91.38574399297391
91.29130582615659
91.34476541262731
91.32647917645629
91.29915891755023
91.30497622984
91.2916967996899
91.25381128083124
91.25310890995608
91.24196967265262
91.27358432783467
91.20846184300333
91.32079298047209
91.20548950329255
91.19197850238551
91.22859482402964
91.16673377295864
91.17801315565741
91.19767375222737
91.14464541813958
91.12665486631134
91.17836487113716
91.14738580624956
91.0995514996702
91.2083635356876
91.19014132245341
91.07246432024398
91.04740112471687
91.1198978691847
91.08058980304494
91.11531306047199
91.16595058128966
91.05427761423465
91.0243757934454
91.01240603349733
91.1038853510135
91.08072436126382
91.02764508819418
90.976400894666
90.94058021104077
90.95949997820789
90.98638957086676
90.9983580364758
90.94470609559808
90.90393375262695
90.86537320210498
90.9368341942486
90.93156177251902
90.91266059951445
90.90843809041617
90.94041762401336
90.94279641737651
90.84269289755659
90.9242656959463
90.89317189938357
90.82674967721927
90.85867121236939
90.91446841061061
90.8703057554492
90.79239526771704
90.83372605826845
90.8341925895334
90.8372424146399
90.87089254088599
90.8563856951968
90.8116511571276
90.81381689684054
90.8372868670363
90.74527782047963
90.69261871422023
90.75607870276954
90.74981350567606
90.68192093517776
90.76352237526356
90.76040342047158
90.66797434733216
90.75313214271962
90.65092427197727
90.74968006722581
90.75511926788211
90.67437340375848
90.65474811970219
90.73518346159783
90.64872016114984
90.60126745689014
90.63895567157297
90.70869437890492
90.6113733042998
90.67164645225677
90.64467699021468
90.65235615904761
90.5677324855299
90.60240584136301
90.54834621601661
90.60506129092364
90.60522616513407
90.61451817657972
90.51059286489894
90.49120207515499
90.54001378144923
90.61394178727278
90.59798561355755
90.54118382293674
90.6155678668615
90.55280612124801
90.51103514422653
90.46706186475177
90.51038892136712
90.49836763436014
90.48525049079771
90.50913190976311
90.51408427918182
90.51349988825977
90.44880379601385
90.50590794700366
90.44548404451704
90.46272297428301
90.44423136536456
90.44762526275309
90.42171008902957
90.35311996517545
90.39598722502228
90.40541244469978
90.42218669773243
90.39853018890352
90.34108737636956
90.35207349915171
90.3907548323774
90.3886659874125
90.37291729129109
90.34452727547313
90.39886084493081
90.32870225956489
90.3458009259398
90.37173969717641
90.40844240623532
90.3729742172257
90.28022595842462
90.31860583210424
90.30183248416753
90.32774686098047
90.31206662912794
90.20594029237236
90.25428636194307
90.3114577801085
90.3258301219667
90.31579638190706
90.18716503001666
90.27051643181457
90.2167932089204
90.28494669414945
90.24176088149586
90.25994702476984
90.23082617882264
90.17042093204095
90.30902881282015
90.27263974678027
90.21920801812331
90.27264924014034
90.17945573649284
90.19196642661709
90.2600067394396
90.16544181850327
90.2265755083551
90.23364937350311
90.13934895349355
90.10970106151078
90.19542429141597
90.1754457052795
90.18332485637734
90.20761212613317
90.1166627635544
90.15273310399651
90.15991929893292
90.12156657428581
90.13256389944702
