268.88367961056827
207.0240139712838
206.6578437149948
206.49057813278972
200.69481244929153
193.25289427668758
189.27591732916923
186.77918186381686
184.88895920016463
183.45696646318052
182.11805142426277
180.79922655149582
179.49076005250853
178.16723442665352
177.18854842355964
176.3422798945582
175.64196700921184
174.79161767858028
174.22178544467755
173.43784547348318
172.9241295040574
172.33540542090262
171.71251571839178
171.2482993124146
170.8311310994128
170.20471315616916
169.71211806505784
169.58894177372196
169.01841470860484
168.50258745306186
168.2900530283454
167.83574298708416
167.4563168503417
166.98276999231874
166.81525228396325
166.45625659987275
166.2411831883167
165.80058070866352
165.6006136909489
165.2816277062242
165.31745972340462
164.77170859529673
164.3568782294001
163.97360386507026
163.59999168390902
162.763360254268
161.6962306030234
160.57188113342735
159.2894236039219
157.83534048327317
156.8565216119685
155.976194223871
155.03253502117877
154.23127898425614
153.00002262921245
151.64142695840175
150.35043245232
149.60768160341587
148.72628033016403
147.9037968973097
146.97632367844315
145.80641638006776
144.90388635266785
144.27470737451765
143.82043118148275
143.26427216518422
142.74615106919666
142.38456779158497
141.95973308674542
141.55020291848726
141.1289375737402
140.74720887798998
140.31540549980235
139.50078047002935
138.881001862468
138.1237384933186
137.4541290791354
136.76113072897564
136.25762486426322
135.35430752946303
134.61749116121027
133.97979616218126
133.12777692008405
132.51203848336263
131.8801757959012
131.39749819249948
130.98416639190222
130.67619973355266
130.34754158761214
129.92078442350737
129.5496917450835
129.3072713811677
129.00749379206144
128.8435662507856
128.50789465089304
127.99159298804926
127.53310324097313
127.11863952587285
126.6851793417991
126.45252287669278
125.9816878232836
125.74713532598804
125.29117750826047
124.88122625596102
124.43276137668234
124.08680157701274
123.737113249747
123.38204736470853
123.11320717066026
122.8500545217295
122.63918034157756
122.427456390726
122.13742073594143
122.01355488920042
121.66857752826567
121.45773956613132
121.24673337268797
121.07897202158733
120.86846225400748
120.62325411416101
120.49892505659803
120.3073645156842
120.11462622956199
119.84780094225943
119.70034872653612
119.41918796061604
119.2843235483303
119.11978826567608
118.9377991688466
118.81665711762231
118.45015382072488
118.24228864723122
118.05330808197257
117.77826576566262
117.69513057529186
117.30019046019979
117.13831234531864
116.97840660386505
116.70367953350271
116.61336100802978
116.29118858890314
116.15516978242222
115.97846191991718
115.82530014438738
115.59209002437366
115.54025746299155
115.27776883218756
115.11732389561217
114.87024711369602
114.7050496276507
114.36781898936776
114.14775474503789
114.11743583256185
113.76191004847207
113.65999428078526
113.42031348075004
113.16636573363628
113.06068827393973
112.92930758620884
112.52306351347875
112.5039838918044
112.37709312473997
112.18303874615496
111.94216453343424
111.78134271518232
111.68973195287575
111.50140796436652
111.40318832381527
111.20921620947162
111.1050579338561
111.01843496275629
110.95045660259152
110.84223707984171
110.64091435358347
110.55691788585617
110.40240345783472
110.2817248143079
110.2348551980945
110.17513262753319
110.064407325229
109.93178357708676
109.79188530578364
109.70865253673769
109.58553856825706
109.33529061198124
109.24562607152002
109.34531479552255
109.04926936903048
108.90032115070146
108.76011619533685
108.82559941043452
108.59354370613688
108.46531639577316
108.42290582859964
108.33699202804246
108.25449904999788
108.1822863907545
108.02855104463619
108.00394522634151
107.8739211894114
107.73948719566278
107.76087445631886
107.88266777214452
107.59156424430135
107.56174969973453
107.44120939857386
107.3668243527006
107.24111475712026
107.23424481120436
107.04953042632454
107.1233213406441
107.00986990644348
106.8344353037784
106.89871040206465
106.79981322839643
106.87933449919184
106.76328605553181
106.6139508315237
106.57570820685626
106.47124576497708
106.44576274872762
106.36191561082912
106.28100900513564
106.26120293109105
106.14202138981364
106.13192683712577
106.09857786282946
105.99007131957075
105.8578490635893
105.88562636515454
105.81360140910054
105.79650345539848
105.74812741822676
105.66985612076381
105.47821294928877
105.51669480439962
105.47224992903321
105.358078578161
105.37675261071875
105.37500679815562
105.29977623630252
105.23314969295832
105.16218410631154
105.20716223147231
105.08629502441343
105.08929718924423
105.01891352316225
104.9389809216948
104.88111293285715
104.84816343525941
104.80238120004627
104.73038854394129
104.65747901697452
104.74733053511954
104.54408723215289
104.5010990114499
104.47047114680484
104.56124097408652
104.51726629058084
104.37795703362913
104.37665908283944
104.34821421242555
104.28007545935753
104.27073739599965
104.23461356089663
104.21654111850535
104.1164971032788
104.11993585031573
104.04425009068838
104.01784378520688
103.8407844849984
103.81678070727533
103.81485642865194
103.8046166089559
103.69826287575594
103.7328886482302
103.62386180541998
103.5569183938239
103.44336273997025
103.5001822994535
103.49421315322711
103.44792721462547
103.41010171498807
103.49936208927463
103.29780242859978
103.21607856884758
103.1779721035975
103.17859848102789
103.14264047370521
103.09155355384047
103.17210829440677
103.14328502559752
103.01556995648001
103.04821954977406
102.93905458283493
102.88491033603397
102.87358921644294
102.96000341816777
102.798609831541
102.75520031469641
102.71279536100286
102.70170812990403
102.65632105015325
102.64332031479536
102.65913237566257
102.70790814516828
102.67197134132043
102.66143359800395
102.58773500503074
102.41279686833322
102.39502989403937
102.42312797123232
102.45476982265804
102.4295371733523
102.24705095071583
102.35781511284988
102.40716372131631
102.30458612579218
102.22541509298647
102.28546272178035
102.2662097845748
102.21607856554434
102.18666854582472
102.15284884222677
102.09511596647273
102.08163251500987
102.1138536882153
101.96046746155612
102.05366242532477
101.927429434211
101.83783027422547
101.8508602853083
101.9509104863438
101.91426074306582
101.86378265480697
101.79745852493241
101.82212396679161
101.88768986261108
101.82469757885218
101.67758777152599
101.68591861066794
101.69005016115521
101.68857719007927
101.64893352253036
101.62620794759422
101.65145422151454
101.58850799422922
101.5416960677816
101.53842430454917
101.62184422867891
101.52254627034209
101.52081190554988
101.39622759083022
101.43056525465082
101.43268534575336
101.39065652911707
101.39763333485462
101.43306035338765
101.38123901587939
101.37645607132053
101.2936841753146
101.22226605727543
101.29998220384367
101.26531559357248
101.23039628317025
101.34779015053029
101.24530380046843
101.13941647144007
101.1996687083571
101.16540735546104
101.01312192312766
101.05495219382638
101.10245197932103
101.09864469884923
101.03725022063732
100.99291333864143
100.94045434362118
101.04511929964153
101.03661321518584
100.97429605622958
101.0392042165554
101.00937318098133
100.91633389278553
100.74351966450149
100.86966877997368
100.7807513685059
100.8342086048191
100.89928174390089
100.74337669450942
100.81323820206714
100.93458958195376
100.78815551021476
100.74200446225217
100.69754094142841
100.64925020003243
100.72454711305141
100.76110392954828
100.7405119958493
100.72756859287053
100.65825222478647
100.71296230619578
100.58818949736403
100.65673205585502
100.49969229724
100.56246449267242
100.56298220653453
100.44218476251467
100.5911047426872
100.50777926936331
100.54038748799329
100.45928423311702
100.47263039421131
100.41525854316879
100.38624222130828
100.42055138697346
100.29207983313736
100.44118549305118
100.39370821379138
100.45166855761403
100.33339193338422
100.24274276169898
100.35996135573353
100.26829971031489
100.31468517398426
100.32079118373001
100.26794499379498
100.16304606541617
100.26506237378229
100.23389344928744
100.21283162528877
100.21215874680287
100.20098203929938
100.17293331941255
100.12417493011398
100.15416024004095
100.11038729999458
100.19551988549044
100.1378127844233
100.08305591288027
100.04058552354465
99.96442544721661
100.13964942698405
100.10577522328522
100.01357805655906
99.96950876719342
100.00378175313602
100.08776915694642
100.01466975521112
99.98292586305132
99.95995128536806
99.95008430762229
99.9234226336994
100.00682010269516
100.06215343249579
99.85464370687522
99.8065126388862
99.89383461034156
99.88568812397158
99.89539314182572
99.84737485853319
99.8314005610359
99.94692611039679
99.79669709649419
99.76146139909243
99.80449684391486
99.91411967984317
99.83415201083635
99.7420437731925
99.8697071851089
99.71592620827218
99.81403820040114
99.71752876587912
99.72701035645265
99.68800229954084
99.68448279237325
99.61690525871872
99.66263920891579
99.6749902324957
99.54015682611558
99.67613201572429
99.6457291720619
99.61230146993292
99.5974150058206
99.55883180243292
99.57601533428083
99.58364177614538
99.5997837732357
99.53994469797557
99.59446283258913
99.59866562963393
99.5019220349871
99.51302376627328
99.46656752992929
99.50162055682718
99.52077217370358
99.48084702102018
99.46800972029477
99.4628163765696
99.3896522013535
99.4181882863958
