254.14812729470322
198.09316065701043
190.2167985990664
183.10307816527845
169.20870684204607
159.4424419686267
150.7871938141478
144.52631752320772
139.75471074742362
135.96910342379527
132.94325073212565
130.16557078723432
127.71744909505027
125.40587761335993
123.34766786380291
121.5956489074006
119.99443428466195
118.35947585550402
116.92068397429992
115.61601446737502
114.45226930992816
113.29644944832863
112.16967056067928
111.04432216842352
109.99879429620346
108.94880672059985
108.04505677897467
107.17252007169085
106.3780456608701
105.58339523407436
104.82837081169947
104.19637081657483
103.51529142970084
102.92966187607827
102.33532729645097
101.79031792263898
101.2968870005141
100.78606336111493
100.3384938483949
99.9329114782341
99.53585590979841
99.17606289779528
98.89472539997752
98.52215376202972
98.06382943991413
97.85543130257442
97.55070760537592
97.34503522295309
97.00408999937183
96.78498262380023
96.54438416847808
96.26348624241982
96.0186672852357
95.82742170405709
95.65588367074331
95.45441622082329
95.26486644263888
95.08249929468462
94.87495790941767
94.75328983989098
94.48488030851443
94.34939041354268
94.1594733909503
94.09425366188508
93.88125505262472
93.76966721378469
93.60407657126675
93.42073353296658
93.34579466603138
93.15841199093742
93.03806761871287
92.97787837764436
92.82923327981443
92.729594283394
92.60606543836603
92.55131648442179
92.41202639919115
92.28383097984319
92.14821710944784
92.10442199169576
92.01592134470654
91.90534885346445
91.85103650492495
91.75278530306146
91.60027022842256
91.57635536351087
91.47747237652493
91.36715829812769
91.29217257303937
91.24582704378
91.21809363850234
91.07208816956127
91.03068219493987
91.0035989057102
90.90061565202252
90.78997833378995
90.77346080215787
90.71238638936764
90.65007612507608
90.56696383485063
90.52933919265288
90.43746354378969
90.4288972777462
90.34068688321489
90.27357212470892
90.27562092808144
90.18502371526743
90.15373923408453
90.07617998824793
90.0053447289706
90.03159895870695
89.960585160612
89.90749578116825
89.84534910702719
89.79508947444455
89.77453197549458
89.71368477319739
89.66562916161708
89.64486126769995
89.59762932224876
89.59375547273063
89.57563608186764
89.54083413968694
89.38165101694854
89.41220349725812
89.37250032151204
89.34159234295797
89.3128208171805
89.25462432419064
89.26646061308088
89.19150387735723
89.1206536187188
89.1532193403007
89.10924465537988
89.01335039086156
88.99737279165984
88.97420853418556
89.04083422506287
88.94941912767499
88.97264525973978
88.9146004366858
88.86069868299343
88.78567701929862
88.79938830008626
88.7522263282772
88.73981287915107
88.76098101952508
88.71888877226094
88.70877051112782
88.59165634585126
88.60225311181605
88.56320022175865
88.51077773517392
88.53281652207934
88.495574162332
88.45407047059513
88.42560887628119
88.44016017327036
88.40114440360456
88.34664395476868
88.32672630273262
88.28650171922428
88.249992926498
88.27301609667485
88.2438223493007
88.28220405131175
88.20800680509684
88.17506105146116
88.18573381423923
88.14311264284318
88.13463613729378
88.10825902793174
88.05820346318383
88.05754190262554
88.05265687621628
88.0514791899312
87.97159194912041
87.95769559214747
87.93499590521188
87.9304547066993
87.87787628190307
87.83942004289689
87.86451658371105
87.86486117838494
87.86842511915872
87.78822764115397
87.75224494356284
87.80758942384504
87.75000506376479
87.7947138424094
87.78428224032542
87.75425844287697
87.75830304883567
87.63343082553794
87.67968158988992
87.72553182396311
87.60622304246338
87.58297384402505
87.60776494193286
87.51080185534286
87.57591949045369
87.54999658610808
87.53318998332247
87.52364885342146
87.48397098110033
87.49753909814521
87.45840276500604
87.52579711203008
87.43033532015149
87.42111923935884
87.44098825917061
87.45114784412493
87.40087011533775
87.37532091407243
87.35628485804777
87.33956072530616
87.33698229392886
87.3423122685324
87.31598372406584
87.31790293551919
87.24008461196945
87.31707612976282
87.27785394364794
87.2622425656315
87.22812561491902
87.21877476299248
87.23127526503384
87.19970317004854
87.17066394343145
87.22454325612277
87.17553789387235
87.06804919141003
87.16844549020645
87.15585064814424
87.13051744092347
87.11328350057946
87.07856706814394
87.09669569100248
87.05548366220798
87.06650640725522
87.03627939159931
87.06510343969028
87.0096399529215
87.04071524719721
87.03301387525194
87.02892716507844
87.01369767044352
87.00621321119108
86.9118347389117
86.95136061752282
86.88985634134418
86.90484106331466
86.97194588545655
86.89762522686742
86.9072421337906
86.89920657154302
86.86799517040019
86.85249736996774
86.83167406085165
86.84613756765003
86.84135071790568
86.8307845823852
86.80081232192941
86.85349501532149
86.7885365648332
86.8194118831746
86.71505304470637
86.7785313337837
86.76620579397799
86.73890488868591
86.75968025423302
86.74550845009308
86.71471473063256
86.65184672692956
86.71371367929673
86.71433736698808
86.63418151321675
86.67264595061029
86.65458307899048
86.66752670028205
86.68628628839161
86.62989377520462
86.56699070240272
86.63287900981037
86.62290653368783
86.62631778612322
86.61520935605125
86.56952240061715
86.60085183745504
86.54099555857707
86.56614468486144
86.51921962895456
86.58222198223396
86.56723422324694
86.55500112622298
86.513688523217
86.57301448806857
86.45264988172617
86.52242159968367
86.51598698938156
86.50942183608657
86.38044855350753
86.43716877813817
86.48921209120527
86.48675289735199
86.46904488691608
86.39120489510898
86.43485678920395
86.38404603532211
86.41744153155727
86.39219602493867
86.42896102384265
86.43088222063484
86.4082474199778
86.3535980895033
86.34759285517094
86.35534582809075
86.34262149488194
86.35528319200763
86.30834137069503
86.34875765255167
86.33770878966548
86.34410897058238
86.34727992405325
86.24446771237173
86.30455554609883
86.31280682803093
86.27818586194917
86.28336016461132
86.25781370549285
86.27663818904166
86.27489530332373
86.26035651807129
86.25489117486887
86.22173667986607
86.26886593771252
86.21507592155723
86.20043496072635
86.20065659031688
86.1690979320649
86.24544270575886
86.227946653903
86.19628847458509
86.18016536818897
86.21225125922375
86.19143346465565
86.22107149954753
86.11237935877456
86.14210147614912
86.16418578385468
86.18687227693782
86.14968334793201
86.11149516307643
86.09367727338146
86.12196644654529
86.06528459997428
86.16513833454988
86.13790228231233
86.06618454013294
86.10464026756439
86.07447180320658
86.07423446363713
86.06131678847846
86.03516996907744
86.09289161665971
86.00982710741901
86.07932700118062
86.04288213420615
86.06955988073206
85.99623199056097
86.04458725206665
86.02902829526035
85.9869102674111
85.99089506438513
85.98180649009257
86.03137516147203
85.91506874027509
85.95492793234743
85.92777737077976
85.99549163514926
86.00689401395074
86.05975364088839
85.95867160774404
86.00489864657256
85.92543508171731
85.96060885714037
85.92586330947955
85.96481975913433
85.98066431761664
85.86900425583661
85.92991038197152
85.92288464458657
85.92534003842712
85.88399957272078
85.93298873388737
85.92153531136069
85.88135192353509
85.86973932953205
85.85545297276168
85.89441076105683
85.87028712284115
85.8544074127326
85.87931631444492
85.81898533971156
85.83821432493833
85.86791499673194
85.85224613454285
85.80128973368447
85.87574342806286
85.79512594667658
85.81894578320508
85.76263045001657
85.80611564127047
85.84482072957677
85.7640438907451
85.79876333868737
85.82452539812192
85.76066817800502
85.82019153408754
85.73805146325903
85.8125087239186
85.77206651934434
85.7834801533637
85.80140128886158
85.75002712950864
85.754718405651
85.70573801411048
85.75126935375218
85.69436775557612
85.74192592256665
85.75528367317503
85.75023149183762
85.67486885604784
85.78283084075981
85.7109220691759
85.73919026580134
85.69508521699959
85.67601089118735
85.70095979230291
85.73130363152217
85.6597363632526
85.64538002305179
85.70531070102255
85.67917435739759
85.68981256355681
85.66480198382125
85.63451142771078
85.62116595784342
85.61319217172043
85.64310025476111
85.61121535722673
85.61617593330374
85.65220787470223
85.72527581664487
85.68625351933606
85.58907720173686
85.6356393940279
85.5487462730548
85.57305365249587
85.63129662069771
85.58315078175312
85.57560571477502
85.6157468643505
85.60647174836096
85.640430212354
85.63300429593413
85.58069410540688
85.61243845763651
85.5233092882357
85.53873111082957
85.58564262320233
85.62466600076047
85.57082306175002
85.55290131374299
85.55505923329527
85.54827802219873
85.61701024877574
85.61092863197422
85.55792432864177
85.51337867844744
85.51510754255803
85.50098048093999
85.54294293167936
85.50592019449824
85.50654983651435
85.46591766781836
85.54945299452574
85.47569946811147
85.486786908225
85.53580403403177
85.47095569089038
85.46977856599541
85.52772738234194
85.49576880635763
85.52303774046308
85.41830574973723
85.49668965248922
85.47313490322716
85.46683160832423
85.45252991357955
