533.9751203640759
479.2084917045051
370.93367966376087
280.4234021147034
232.04400527951037
208.6349667279622
196.22836300832745
189.0204094002974
184.17871939467588
181.014318316547
178.64507423945895
177.0696691976819
175.8383915372342
174.39021731347603
173.4532761801467
172.77102537228888
171.90123299834406
171.25601158674922
170.70597733471897
170.3172926381339
169.70928730706478
169.38334060421226
168.93049326190058
168.60931303046806
168.2514718853448
167.71220188262964
167.72405295242652
167.17859278318576
167.24988681312834
167.05897432464548
166.73402679161603
166.67348829567482
166.35024597520487
166.33323749384869
166.00632426159365
165.87156132337566
165.66046471801715
165.683735319607
165.69678663265267
165.51349184570518
165.4381593802712
165.322479267809
165.21822962754382
165.2223078639566
164.9008646598226
164.98789899348904
165.09267183684935
164.7434662508665
164.76348064897965
164.64282272096332
164.76779765951636
164.84814592443396
164.5985448440294
164.49433388899624
164.39869487488946
164.67692692986583
164.26787529823434
164.47532639522987
164.4065480162102
164.23430296726846
164.05153289333424
164.0879643534168
164.03728965033363
164.05105481452912
164.02142831407485
164.0186718194781
164.04352926164614
163.88784898604902
163.80286163367788
163.8073862506281
163.87118049239626
163.76619270165108
163.79469506208557
163.53478723277235
163.56041037253206
163.254603857894
163.13390168186584
163.24917360387167
163.2460784520583
163.11171813559884
162.77107055065204
162.6857410686403
162.77687495394292
162.38136203803055
162.3823287412486
162.0263095873325
161.80242914048375
161.85757141637183
161.31433431906925
161.28600425316324
161.16476894457276
161.0594300788357
160.95261834562285
160.77248471531428
160.681556322782
160.46385555584453
160.55468936543258
160.41352839407497
160.38553333401916
160.16721856369722
159.87578782576782
160.04047132996953
159.8796466319704
159.94981627725718
159.9485197593122
159.96130286631606
159.70780823981767
159.63787577313207
159.52682504860553
159.39600360293363
159.40571905941195
159.01099110925503
158.86228967180068
158.98697619962695
158.64523942343945
158.38658917768421
158.19156275649777
157.866949071742
157.75075177274107
157.8312669145106
157.36575441992005
157.1408057986793
156.9176155067538
156.7764689196493
156.74814467419287
156.58604981692898
156.4116104447421
155.94327252017587
155.81383271058104
155.59939891128244
155.42486552245973
155.2446227152358
155.11876451559357
155.16416577498242
154.8249003960518
154.87193366362578
154.5424534263106
154.38172573558887
154.40139760786067
154.33475059832523
154.23085285435997
153.8387491481165
153.85777028895276
153.86104166243098
153.60169501260955
153.6467531591232
153.55817516541524
153.539646218586
153.20406843853175
153.1308837717687
153.22471085518856
152.9849488482175
152.62994342595036
152.77096064206154
152.6701097213295
152.31159208865762
152.49776798640391
152.00204637085818
151.97306919477083
152.1153481826504
151.79507640715667
151.945381305849
151.62314412723532
151.4747098429664
151.55048892418236
151.41695440519635
151.16349286647096
151.17120348987
150.8021670199377
150.77640388442558
150.81344718714686
150.72334897241325
150.24070257378108
150.31176650316306
150.11941307580838
149.83670141302758
149.6801737399288
149.85726912749953
149.53900223637078
149.7125379113341
149.34983115444084
149.48683146349987
149.18261792677504
149.21165715882742
149.24349495424698
149.11561079488965
148.9591907126648
148.6499829963016
148.8363206213824
148.77348565479156
148.45769642666193
148.59335073240027
148.41598001067973
148.3279319264722
148.19558919119345
148.30332897629225
147.94690052431866
147.96705167449775
148.2089750365891
148.08229256267856
147.8738796293519
147.9381612261498
147.8852997295073
147.85291203178014
147.68870061289212
147.73681690842673
147.58230118073175
147.26582354217788
147.14593728467085
147.31987079423578
147.36617575092075
147.2174321490224
146.968923487766
146.8263880057116
146.96158857036409
146.79835712238693
146.79522682100838
146.78405668881447
146.7421788932889
146.400131717601
146.55378691230845
146.17617617258367
146.3729699231801
146.016588309997
146.14085597204468
146.0542093527803
146.0760932804086
145.91440265373794
145.71017091280163
145.66412285567827
145.68119562758991
145.50227899362218
145.41805923562978
145.44391982699972
145.35172351262457
145.22157756179453
145.23259892986178
145.26107939279171
145.2822195018545
145.0071798108444
144.92650221882633
144.99939455050372
144.9264963755738
145.00378352956272
144.72924702869653
144.74709225527204
144.56908949839027
144.40203813116946
144.455189346351
144.45067774127168
144.45678340653325
144.32540968887497
144.35013009567328
144.35258279956287
144.22968427143707
144.22676705270527
144.0581553510871
143.97896144789414
144.11398927257355
143.76589222523512
143.87063567983253
144.002474996538
143.68904132438254
143.66492263637514
143.85861347441363
143.6907026241718
143.4520086627486
143.53954409887695
143.53511125996152
143.37513239481504
143.62548137754135
143.4985407830705
143.43668305979514
143.05659089025775
142.96329286229442
143.28888176016102
143.13642308612165
142.99970308692497
143.1672424103818
142.8538625226392
142.993377279474
142.8871624530156
142.94546402297857
142.71103316295097
142.6933680130823
142.71560490404562
142.65584466711752
142.69419816771727
142.56228458088836
142.93492104725095
142.63788826946572
142.54535963709128
142.49250264602983
142.27569297225418
142.38410960640306
142.3570699834457
142.3587904675188
142.25278148085135
142.26115050602962
141.97284825443668
142.1477930686883
142.1774366132826
142.16262141703794
141.93429250932368
142.13039397367857
142.13687900739146
142.01254888362382
141.98883054615663
141.77131532176827
141.83151798931758
141.77681312656054
141.85303263258274
141.83687969324552
141.69549567681642
141.7955390277551
141.73153519908837
141.667633429315
141.7347760360048
141.6459385035938
141.48407625278193
141.38724642569235
141.52413048465917
141.453456876066
141.16231421137374
141.4285391986527
141.27759375215248
141.1408837806907
141.2645590662857
141.12228768866532
141.01220515760338
141.15666834559826
141.20599448577002
141.2433685547102
141.05613914439348
141.10207498897563
140.93820895213855
140.92897632928126
140.73061602584374
141.02626057468106
140.74006773524582
140.8388434054772
140.8117983322205
140.8318612279364
140.56562170595973
140.66551705477818
140.5427669627176
140.56445802436966
140.4636734092266
140.48408093727863
140.46068133261394
140.55811181235342
140.24900666286965
140.4132728029238
140.26988512454483
140.263492410835
140.42359694313112
140.23022132009214
140.2197632223203
140.1529694503606
140.21705421682208
140.02472562891438
140.35229735267345
140.09408930367852
140.17628919866772
140.1113808538381
139.68696624793046
139.94471987133699
140.01334819674017
139.95240007391152
139.98394139860133
139.66577689426234
139.93073842506723
139.84226591362963
139.67565389563106
139.80843072772842
139.69128259355998
139.88737015236762
139.95403299945878
139.4555490220539
139.80424913421925
139.57495662950322
139.5063322695216
139.80244840339878
139.56514592723195
139.69243150268716
139.43226897058327
139.56379191303046
139.4665618311865
139.3311039783993
139.37117699094884
139.36563738856802
139.3840300507737
139.4098128352147
139.37897942460677
139.29901819404498
139.22743558119163
139.24087617758238
139.46240833768803
139.24769064203696
139.2691291954119
139.24642676137387
139.08914911860137
139.0187871688383
139.13513268249898
139.1059024881602
139.177350056263
139.15768490462304
139.02716519670022
138.99064349448696
139.07909164636905
139.04101675450954
139.00757410788893
138.9038664804981
139.02487970398647
138.73030538273312
138.9888645569724
138.9254931497563
138.83954457058948
138.84940174118304
138.89912424205733
138.8177226095402
138.8364733565119
138.84451416539846
138.7635387166956
138.7487043489968
138.5767729567149
138.87931110162506
138.76701547756178
138.55735154793393
138.62543426183316
138.5058137096762
138.42819421874822
138.527102692667
138.56887924017215
138.662553161916
138.48780196200028
138.38818917489166
138.55217719685385
138.3824876833108
138.61948541286299
138.44795000389715
138.2943254991578
138.38885381303376
138.38917069756832
138.28009569912393
138.27391116047266
138.4211235411692
138.41667813489835
138.2860214302546
138.09660902961855
138.14149629106296
138.4455520883696
138.16365995404618
138.37657995798443
138.17280659847836
138.2434863289182
138.064203660965
138.02134488797435
138.0188796917623
138.11444673743446
137.96236276283236
137.81564479311638
137.76278824753751
137.8563311663491
137.89667166611838
137.81536904119125
137.7084879530173
138.05320336247615
137.84504998867664
137.75653926941942
137.6801765152579
137.83027518322768
137.741203307925
137.51009498357124
137.5392131935985
137.63525829609415
137.80463660352768
137.4532183385241
137.5739349217561
137.56211836559515
137.4857767674725
137.54554928176557
137.54291767976102
137.4257008803163
137.34727674553778
137.2724407629628
137.23717045209915
137.31545510135297
137.43274655926277
137.36307011574598
137.3355505444967
137.0705805291476
137.28816409003167
137.2436847658094
137.06157942820616
137.10745268510962
137.1138678997707
136.9957422330915
137.06488404173848
136.872354231629
