540.3629356187979
490.31859662689976
378.6806986179453
284.28133845918
234.0664863461484
209.75588040729144
197.25094591606893
190.1047539037507
185.58933642805624
182.4505185433337
180.1387612408676
178.6042437358521
177.2162588799318
176.15550423558503
175.3468652568079
174.76215910381976
174.19151636923135
173.63495678910675
173.3252555043727
172.6315376585017
172.516010556534
172.07218726098273
171.77642227996574
171.73154021013153
171.50944902211808
171.0489165704424
170.62928279834335
170.4224659166435
169.82543061521915
169.6126182565237
168.95704456089373
168.47298885517375
168.69319717909383
168.3402354090354
167.91675525263182
167.89525520532374
167.57155227649883
167.54209819472985
167.4356772735286
167.30593968926175
167.25842258747608
167.2597693172851
166.84516871663413
166.6696899543204
166.82431868751746
166.58055166238114
166.60900931341104
166.61777411019636
166.48819695734667
166.3513388845385
166.12649005887334
166.15431567699926
166.18368307028481
166.13560850040653
165.92269921967167
166.13840206453045
166.18527921441415
165.9773240616784
165.85543644144101
165.77701034228744
165.6324539443629
165.7671473859501
165.72038291568506
165.6074303076062
165.61754309086413
165.60315611473197
165.46917927677256
165.42628354338711
165.46620239735518
165.43318310737675
165.26929437207735
165.2823642141754
165.24939977968899
165.30165954230264
165.20515611770855
165.10241966139566
165.16875950602417
165.28006436309235
165.12728814564417
165.09435821094675
164.99893360884886
165.03273118406122
165.0675942825486
164.88287175393526
164.92145380672207
164.86654677851507
164.80947024086333
164.8451677817813
164.9244649973312
164.62090114804914
164.83528918479706
164.35415614144804
164.7395080889549
164.39252358476182
164.28103543944235
164.2542808192427
164.22177695374452
164.2547540299442
163.87577083161761
163.8424572234556
163.84824123407515
163.65306963744828
163.57959293926103
163.40637321766718
163.28148476168607
163.325447106628
163.10693109373204
163.15850680537517
163.32075812080663
162.847896546936
162.91607610280093
162.8806193327868
162.84120718273024
162.73601452798658
162.6133476699503
162.66441635131554
162.53674678791486
162.59481391714982
162.42848979640584
162.49889176424688
162.58435193757066
162.45969893820484
162.3057034863787
162.27319878859538
162.29098933843684
162.2619425150611
161.95522208050966
162.22166715672802
161.95555172159095
162.10714843935426
161.8593546357675
161.97287499565272
161.77306102178477
161.64538269241825
161.7848505191348
161.56408856204152
161.45860298402283
161.39233085922442
161.45360714825557
161.26742979114331
161.3749169168355
161.0826021889205
161.093804548765
160.9439288777567
161.11941069365912
160.85369482363882
160.9672826724793
160.73882989334658
160.69941364191396
160.65135411024943
160.5836813541071
160.45765984048685
160.60442721638503
160.4304042441876
160.27056535399055
160.25956724424722
160.2343928317158
160.23122042288009
160.03134950756646
159.89261994569387
159.94337070058913
159.68853423997538
159.7060300713483
159.6149397772163
159.54423057611396
159.474099567599
159.34134515009356
159.21281452633144
158.83884783080276
159.07261211895073
158.84574318199466
158.60035210167132
158.2947383536081
158.09408318792367
158.0396996946241
157.91270985630052
157.75607276301847
157.6155871644951
157.4706479125519
157.44541942391356
157.11559198146577
157.11068248958247
156.87810893582557
156.50501239949125
156.758004724415
156.5972283611365
156.52891609133462
156.51018858262705
156.33696206095553
156.34318354736322
156.27336193574283
156.07642717758145
156.10697532784124
156.29319850670595
156.0823601168171
155.88144844087935
155.81832425736218
155.78926553074362
155.69850968676346
155.63673579105605
155.59918935614502
155.40460412789926
155.3941075917623
155.11035820309638
155.1723640787218
155.16741002880684
155.06195238755583
155.2350682556442
154.85426086790997
155.01953258288654
154.90205988646855
154.82912304839715
154.69944726951314
154.7716557744079
154.62945527094456
154.64963662761053
154.4511281742151
154.41806060853278
154.37255306214848
154.32132569214664
154.26570703995267
154.35502178917028
154.38608695716138
154.0968743956178
154.0585734949321
154.24223036438565
154.1404969927308
154.077356027966
154.14482308257078
153.90572224165732
153.91669372278474
154.0611061179017
153.7725141814899
153.81278768403374
153.88063282560898
153.58077424090817
153.6500480182221
153.3748566405056
153.485903068953
153.3712460101995
153.62292777520275
153.30915822167174
153.28951960375568
153.5410220286678
153.27188221452872
153.19196307664396
153.36342752596823
153.12889379293074
153.24182627989504
153.15744090280506
153.11081455260506
153.22281938953034
153.0859880694059
152.92603217541355
152.93713260347278
152.6686552899252
152.7796782285132
152.599017268237
152.57064938479607
152.4199614890126
152.15713483285884
152.18972223430535
152.184673409904
152.10505017639585
152.08848169528315
151.89440628591632
151.69788378270363
151.66404336043723
151.7929027382565
151.71308070773404
151.2707854232409
151.09794538684434
151.23849315736953
151.1491116429403
151.0657415325974
150.97687071979138
150.86013156370333
150.80965757895493
150.63125709179985
150.62986668385656
150.5954971981384
150.66358312437347
150.50387102310137
150.50921372491456
150.1668106741512
150.5395464389133
150.24353612315667
150.17798513775227
150.04617690978085
149.95999599375915
150.08276673558285
150.02955477720883
149.78946082211402
149.8370011386087
149.87502544476223
149.74462800370867
149.56580741418165
149.73358658900975
149.47282537293236
149.6736606159688
149.63219429194325
149.36663460613588
149.51261289719105
149.31382884634846
149.29762551601226
149.0851747845881
149.22568924910067
149.21394476516332
149.24013572699553
148.93760769551463
149.03605630183378
148.96249058119
149.14992626457334
148.76790110604045
148.9211488929754
148.8656926638972
148.85874417724943
148.62446915544484
148.38397987905256
148.64815308476454
148.64868429001874
148.638351072108
148.56348943049613
148.56686668930132
148.58826502465894
148.5109355321548
148.3879278206821
148.6753738361283
148.19041817608644
148.05327457459867
148.13945977801865
148.34083174137794
148.21850013989234
148.2753693060325
148.03736735841866
148.13659095291774
147.86610045177963
148.0642803205411
147.7879047802731
147.9815826777333
147.8742832753338
147.67669800205823
147.7685589606838
147.74689851360696
147.55522571005818
147.68158646329053
147.38435046185737
147.25579259981905
147.2858165010618
147.42189993069172
147.3391006581515
147.19799496853142
147.13404343389192
147.1491664553592
146.92041792570984
147.03162427221216
147.11064952207354
146.69977321030478
146.82152455671792
146.7134851934921
146.52031373258257
146.64224091685142
146.67475605173638
146.3574223648157
146.1965797692729
146.36440684465305
146.5313835839537
146.0464910064657
146.1307922867575
146.00015830252278
145.8994520859189
145.67791745994458
145.82505110423227
146.0262214875277
145.71951698655784
145.6430983285489
145.77574895340535
145.55589720059274
145.6100418615786
145.42166028007026
145.32721439951268
145.61282791692227
145.19085158375955
145.387373871423
145.20037979076577
145.27247658796483
145.01451253448894
144.9971657141801
144.87777070707796
144.98001033701811
145.09201013757837
144.78921574353657
144.7377845791773
144.76913328186725
144.59634218775668
144.72209601839685
144.8731458415881
144.6624866429298
144.38172454178653
144.10898118313682
144.39653262628624
144.15810558374523
144.29623282631204
144.17274548430782
144.16211700125794
144.11243550698947
143.94172995277108
144.02632915155516
143.91649664604412
143.58810822670713
144.07526655815556
143.60881726074166
143.7989050848559
143.57560939680124
143.67816116968362
143.50231735544673
143.4275323006384
143.38002389509296
143.48412177890228
143.34426140792863
143.36766183543395
143.40727889900344
143.3447864911345
143.1492541656528
143.07078559908723
142.9970501411004
143.17179072288496
142.9433229575583
142.77663841052276
142.92919430391748
142.73232864422963
142.8161290823171
142.6468199211202
142.60791634341007
142.46445601755494
142.5971904393037
142.64980345202227
142.5200033620789
142.23692174296247
142.3593063296723
142.33139250065744
142.28002770357395
142.0337710884364
142.14919234618714
142.27283504218892
142.05297284075115
141.92205290089564
141.9387927006365
141.84685848099846
141.74078542194607
141.69475966089738
141.91251928134534
141.73464632304336
141.5899734756978
141.67529673923525
141.52796829953684
141.47567911635952
141.56356435833226
141.46611050798455
141.32900479287338
141.19049384338047
141.2758839391603
141.2241176420831
141.27521268904508
141.27864881933704
141.03171643108485
141.1262014541214
140.94520403928476
141.03370292716212
140.88313555575635
140.802076200658
140.8008431554209
140.81800909938482
140.7925026406869
140.64626160769006
140.51533878294302
140.61930884653597
140.534597498403
140.45606427709652
140.3890470377099
140.5028279586601
140.3210984579626
140.1375450736573
140.1915660377824
140.2309351009779
140.20041207597018
140.18890200487698
140.03999439929368
139.99959997702842
139.8870068434912
140.0637826203843
139.81890576017685
139.80619305477262
139.73617160127483
139.8210689928517
139.57031430948058
139.64276074514856
139.58691931357083
139.45182311375277
139.44007482664125
