545.9672492163356
505.6342600986306
400.56156853737104
298.9976816796287
241.7370867249944
213.90362260062375
199.86420372985685
192.477869687495
188.17854037676133
184.9522956477493
182.86441389237328
181.42498279596927
179.89021153809648
178.75926342268363
177.90642825204205
177.13450338552536
176.26982848023596
175.83056975984863
175.3875219937968
174.81643908945634
174.28072815083632
173.83964962305043
173.49832146016024
172.9108862714693
172.80639481158696
172.1218557517089
172.11456219701068
171.46084802938418
171.24483182373834
170.83755114669592
170.84478605490978
170.69321230630507
170.2741761324399
170.53095459090517
169.96416246534022
170.1180069307904
170.00378724040962
169.88070304500957
169.79893081888233
169.3432318059058
169.48565777339505
169.4585025446497
169.55784947337187
169.31916369340288
169.356659021082
169.23214833923302
169.1599566311938
169.19690484454833
169.13903289188931
169.09160905757435
169.04874399510328
169.01304315754817
168.92622369160932
169.11431012393834
168.93908875351306
168.9477339798703
168.79773255832066
169.00752983677097
168.9072477445091
168.74156034868744
168.8571205506637
168.67086721970716
168.67973642360056
168.5039623700981
168.63218373953532
168.56687189384354
168.46953836238237
168.42876235396352
168.44213131209918
168.55206521025883
168.5528581736524
168.33154681073324
168.2771674880676
168.43800359990422
168.30379115378304
168.1383235794687
167.94617653380962
168.1401760356657
168.06095812955496
168.10607595451236
168.01705675673207
167.79066603765892
167.93457562064543
168.0486914548176
167.93217412266029
167.87997944127585
167.82295295628862
167.55527599979746
167.63694898962171
167.6617809870722
167.61034956600773
167.45961712483364
167.5422718066371
167.57183813930197
167.53016452763163
167.55917275547955
167.56984988097972
167.30158563265928
167.1630792622374
167.20353838232822
167.10473187911606
167.224412919387
167.15681310559634
167.15741090648777
166.8908234048377
167.019872234965
166.90502809326497
166.92789427832875
166.49281649843334
166.6912688633558
166.38102903667243
166.07221229509145
166.18753273202088
166.0982572843485
165.96286353249513
165.61440389055895
165.6133119038055
165.4468849862157
165.092094056961
164.8403696898891
164.97582181263937
164.74031827756696
164.74387853110562
164.66459349084647
164.63876446046504
164.66268973446012
164.2676912534579
164.3511303598787
164.26446033812925
164.34426082079042
164.1813679424848
164.4207983935901
164.1364829941462
164.1691851758595
163.98693719512235
163.87506131924687
163.77589506573776
164.08789895127217
163.88864716662255
163.8956095089202
163.74770302168383
163.9019278434804
163.78528632684524
163.7820529596945
163.782357098948
163.6807312541435
163.4424586601067
163.5538996935344
163.57772841303944
163.4990107956745
163.59882691393494
163.40234232995994
163.64236812271295
163.38074092809137
163.47683394763612
163.39446997718446
163.51018657007808
163.32228978705135
163.23861914633665
163.30409335000485
163.1028440427485
163.24947150119027
163.16322336639175
162.98430281058762
162.94892975215834
163.02239288645583
162.7789531508125
162.7637864046559
162.6675141496277
162.75212741569715
162.48349184603038
162.40226494527607
162.32822184415394
162.1162537734467
162.18106795947932
162.24195131785933
162.20721588412385
162.24203465608176
161.99093606728357
161.98157560981255
161.8215594850536
161.9108383270068
162.05908299679353
161.93953678133633
162.06622556868018
161.96832374231397
161.87661444023678
161.97202345592464
161.88482731846977
161.6101890772847
161.89602321054656
161.86135417286383
161.95983382201737
161.785293163056
161.77754071548338
161.89002543010952
161.83186603793746
161.83551037179134
161.8233314784044
161.48285754530346
161.4317691248109
161.73160070742352
161.4104590582886
161.50670721252445
161.5203806079906
161.6987805736873
161.5576154666124
161.69052600950158
161.57981975893034
161.32839684107446
161.45867628813062
161.47510939769086
161.42216516067856
161.5360929161398
161.52371540029816
161.13430002197947
161.32793342174995
161.33521404804424
161.27715403326505
161.1020289553434
161.32264902803888
161.0760605201022
161.11507337259013
161.21658306758508
161.12181339934125
161.16241885210945
161.00031790402522
161.01150368885436
161.1890717455073
161.0332767273163
161.27076345868684
160.94180680782046
161.04352601871608
160.92794134098355
160.91025796585654
160.9483846699349
160.76365669878052
160.72239410282106
160.9315222275587
160.80902142689402
160.9071079176747
160.92049795632755
161.02612302129893
160.73699985062922
160.7721173137857
160.7282054216799
160.59179425376578
160.47885092228282
160.7447853514066
160.48878924390104
160.75872439050073
160.55321390311894
160.66918164541752
160.5933032203743
160.59553170083308
160.5127305094972
160.62940264743364
160.5503159609073
160.4627614202127
160.45016680821305
160.67148686450153
160.46307469395362
160.34578708884945
160.59635791735258
160.6023205336949
160.53699183426534
160.6827887966943
160.47418423708655
160.51771432799907
160.47194728487543
160.25211217597854
160.543179319797
160.4772224369335
160.32717948359073
160.45318581603914
160.2021030169408
160.17014955365204
160.36861773965398
160.40073482688504
160.14085416793534
160.33373403387793
160.4153687786357
160.2621206992596
160.36105318312588
160.19003929975605
160.21182235055434
160.2729059144512
160.1315770108263
160.06250727306949
160.3268853795956
160.2816985209962
160.33899265085972
160.01219985671437
160.14755354210465
160.05622593497174
160.30929911676674
160.1052696312112
160.12941123764446
159.99433207062526
160.13045433135943
159.9859387942605
160.3075532200891
159.95628852138796
160.1234326818844
160.00931621987425
160.1697128051756
159.99759510586748
160.14363449657046
159.9296872307457
160.28521941968307
160.0189298687929
159.9551361532328
160.16719077873876
159.76655320542991
159.9145545693014
160.1661000213035
160.0556739745777
160.08302002897716
160.05391733421686
160.183102511583
159.96907520777668
159.92728529875575
160.19189433644058
159.73046246017
159.99144071090845
159.88454665221974
159.94612623170377
159.98477060447976
159.88116167417192
159.9403054791455
160.06962088097674
159.8960675682319
159.68705470448236
159.76334560609848
160.05307011967741
159.75526364831347
159.83978128646606
159.89391357085557
159.83672918361856
159.7003833869708
159.7874616136461
159.72945462707133
159.65984331811498
159.95455672378128
159.91298981407175
159.8334478504492
159.7143264260112
159.65451961378446
159.79324067572082
159.67974237482815
159.480487352324
159.8400895394923
159.73941193489196
159.75202497970093
159.91858951815826
159.6992929540799
159.65860468417767
159.48734906420222
159.64215893476722
159.81552152512356
159.76177307442663
159.51026458225192
159.6033520740209
159.66267505859227
159.73128198403157
159.55304231637768
159.453593396961
159.50175468593906
159.5944869900404
159.45558072282793
159.36141732060992
159.5389607062902
159.10324334474453
159.2304267452518
159.09436434045568
159.14488840550771
158.8285143041772
158.80720845440203
158.66390371850858
158.60038265487398
158.6869104988184
158.41704168121913
158.3906412210054
158.43056033297918
158.2828656843139
158.30740113240734
158.11477368059167
158.0810571067789
158.10488152063166
157.81880034180287
157.8933570375908
157.8344190059046
157.80948774425923
157.718234171856
157.54478975195596
157.490891969969
157.5711793577529
157.36271315407618
157.33389234938167
157.10566417089572
157.14156362265643
157.17983421767485
157.195658725129
157.1548117078268
157.0083071387847
156.91760800484866
156.98684547672303
156.85308279483638
156.60318528519048
156.6741298671594
156.81774952226993
156.68653211690355
156.5754134287761
156.54470942614734
156.51422229760416
156.7299089947118
156.64991272149305
156.656167844922
156.6407607922175
156.30852912162896
156.41640139899698
156.3747947868314
156.47483773954662
156.2758511957203
156.33737631517354
156.51787610123444
156.3306968955694
156.02958061787876
156.07236098945276
156.00694468285002
156.23708980996713
156.00077025449028
155.88665651229147
156.16994545472377
156.15277333431456
156.03019171985682
155.8285166687917
156.0467528895045
155.984066428342
156.20178355948914
156.11350711683912
155.6829433715339
155.67686688261648
155.91831123372657
155.72919106884464
155.7466862297535
155.638233070696
155.77434991468795
155.68970316647642
155.48544598260568
155.55405394167434
155.73066281362492
155.75947805082393
155.3692306567206
155.54342890265906
155.3119132265083
155.43153495202014
155.45936870863483
155.55887441154582
155.5102602108368
155.45831445111978
155.35396296231315
155.37760957523213
155.46233042955774
155.18315090032362
155.14793850541258
155.0963355068819
155.3143533446822
155.1026874967769
154.88783501478036
155.00021907851007
155.0944754515726
154.9202596435591
154.90770907835747
154.72887398362428
154.79573110258522
154.9925490555194
154.8150610196925
154.8380089344079
154.53999093479212
154.75958180371492
154.65458835766566
154.55252471929293
154.3564981114477
154.48488394768805
154.37367940542134
154.2567162932752
154.1834875870992
154.331594702557
154.12585717682316
153.95284496981708
154.0116744553905
153.85102583420115
154.207926435743
153.83136277108542
153.75454813423121
153.5723134254186
153.58025998390687
153.58368787797042
153.7120018619716
