546.1242533756916
502.01920901614415
395.71812473588363
297.9628089025058
242.37655137949446
214.4873343694614
200.76245619509095
192.9324097027199
188.26249101187446
185.20159221325076
183.0502523628535
181.08400546345575
179.55617258572147
178.53676264193973
177.63998978341692
176.6365580251728
175.74979940298516
175.06596858356053
174.44379223742757
173.7558564048192
173.32334773538963
172.9023727739767
172.37151999822848
171.57729496970714
171.33591494312202
171.22446232570252
170.8871997146336
170.26806985673406
170.26350459332804
170.2269869426615
170.0738805801388
170.11627077663417
169.7426216920174
169.64305868849559
169.8043462937208
169.50146901471606
169.64274555436597
169.38352087455166
169.3720241536894
169.28377130910673
168.95194512093119
169.2152983176352
169.17941208574834
169.04958193535975
168.87768004311
168.91030604046813
168.63212886662245
168.79319022669037
168.55591659619841
168.65458995185313
168.55946263407574
168.71023246104411
168.61975577870567
168.4593244583802
168.5822380836774
168.30565862220297
168.41028987823267
168.4018747214589
168.21754388651408
168.03730328010175
168.28444073913914
168.1125936040881
168.1943240501012
167.95362985518597
168.13243183592607
167.73113867547235
167.99524812268064
167.62986812054092
167.47627471164407
167.71675536278056
167.6841972535231
167.63056517101163
167.4668896785449
167.4659366344047
167.60330796168537
167.4031846486694
167.37161535190597
167.2662446895675
167.2250510081235
167.2155936361217
167.1189811521267
167.3242328075219
167.10886300042836
167.0498135867458
166.90869191268925
167.02578268861492
166.74466650174094
166.62087985293255
166.78476297149206
166.3973314605048
166.3972562242854
166.05707857646718
165.86822956857145
165.76263907387093
165.4933793835706
165.14513564497312
165.28463926381727
165.06731022614503
164.996742611373
164.71558667102676
164.49446727243955
164.34384674557612
164.2224507675724
163.77770582235613
163.54260792950927
163.5650081083169
163.40468567478655
163.62197176727855
163.41755505573684
163.37803717449174
163.12679755647267
163.15819911993376
163.1799837883164
163.11482985491426
162.93807473278716
162.94795187512244
163.04270522857067
162.8015663397214
162.9264854738728
162.938791661189
162.93804857747452
162.7007095323647
162.72094675917398
162.67883938267545
162.6507232234127
162.70598455017316
162.54000916719068
162.42692957655265
162.48995926615635
162.39301409098184
162.4685974497005
162.32963631207565
162.36110816262203
162.19381112900095
162.24266534770538
162.32544190434848
162.16988257778272
162.2291021793764
162.22310883721957
162.2996714126464
161.93180669013336
161.95801380416816
162.04075086607264
161.89599419925486
162.03139596688803
162.00115387773428
162.08410697360375
161.99724430928987
161.89884784794916
161.82006648619534
161.73137083925576
161.74349551881988
161.75937988730593
161.8379110008681
161.84246121484836
161.86920445986883
161.5676836330817
161.7617785215021
161.6516282351874
161.5331139417487
161.81074885267998
161.51878121421674
161.55069724548858
161.63814185415316
161.49949247067192
161.37202910465888
161.5394950176503
161.39100836705518
161.36880986716466
161.25393644102778
161.37120826313745
161.30815470952362
161.31631982533574
161.21032905114043
161.38122445985618
161.23638590298245
161.22384310579952
161.23216756397218
161.01292556803338
161.041245255453
161.21460833402793
160.97963156045063
161.177519041876
161.05792125271782
161.33817577946581
161.12005589071052
160.91666871544328
161.07192606403493
161.1031251128408
160.97193952024557
160.97077070387738
161.00112188678952
160.90236088145767
160.90426481543608
161.01431601864667
160.87970855518296
160.81358180178967
160.9300074891484
160.79841252762182
160.76818799039762
160.64571408985233
160.81533807255377
160.75817020311197
160.76688481657703
160.6399752600184
160.7612811412134
160.71086422541805
160.69408450634944
160.56248916885227
160.6344784028168
160.8447051230874
160.68267658066867
160.5985143117412
160.4602294900651
160.31585275913613
160.42201904794683
160.52722137685723
160.44318203276498
160.56411434912158
160.33938457287624
160.4035344931861
160.6155895407614
160.3293813509968
160.38401769722253
160.21613005750774
160.3431192930936
160.19659983155458
160.5384214929603
160.3744692759609
160.36787916975166
160.30245080042255
160.45539580876132
160.20717648353278
160.3220555213631
160.44231005459264
160.28483262065055
160.1056543981992
160.19398666419485
160.1551253481768
160.18036127911554
160.10800557370584
160.20836508525147
160.05811408859435
160.13987334802806
160.05834736098038
160.0129005099421
160.30397985794042
160.21068263889495
160.07130938305596
160.1365996395602
160.1771213938223
159.9939390063596
159.94569302202424
160.24052957099644
160.14708078149593
160.15963740538842
160.20466366892575
160.16293518396583
159.99861865516962
159.96991183245723
160.05438322362542
160.19488555820828
159.80672519895117
160.03012807182654
160.10133679562432
160.04617861150425
159.9477304536957
159.98048508181319
160.0537625649246
159.93306440843537
159.87087178946885
159.98640284682796
159.98276773205222
159.7716718028065
160.3218936064859
159.71665770592782
159.8447045984979
159.96022544766623
159.86932589017002
159.77564253035067
159.97251584767682
159.93556573373664
159.83156856761426
159.92527454913966
159.80870861640767
159.8734800826348
159.84168665903627
159.9234699047794
159.82133184313966
159.8284130028664
159.84874925411606
159.85622665218241
160.1382288915677
159.7274529369896
159.64843482518523
160.0108727587561
159.83564781681827
159.91193167255284
159.66349123888284
159.65578257809673
159.8495306995543
159.66063629294635
159.74104815577098
159.8289392384003
159.91611500803435
159.65825376504003
159.70936848232378
159.62844334342108
159.76841663499692
159.89793631436288
159.77556037984354
159.69621812242116
159.57883688902794
159.96843611449452
159.77668138380963
159.46656807337632
159.73434261548465
159.4734333203905
159.71592885942104
159.72036850348414
159.69795856581183
159.68873843829533
159.80628261199962
159.5896810976024
159.64649462589682
159.52642907852174
159.69037151991012
159.66458532631003
159.52389086835325
159.7396348794744
159.7398607811702
159.62094656532733
159.3938415017573
159.77092656236985
159.65883697755902
159.69976330863227
159.75863421455398
159.63490307415682
159.70731977509996
159.6046180071708
159.60663228613677
159.72591144714593
159.8254785700072
159.58940021417203
159.7068599066967
159.7767923181132
159.46727891906235
159.50325796452503
159.6583000220302
159.6298778069251
159.55116627584258
159.76087451136618
159.73646226257097
159.60284711873777
159.44739210739584
159.47187648881666
159.39386248793758
159.5044420465055
159.4821402578028
159.7722370339643
159.68083000563976
159.63722141774494
159.39588656986112
159.50070190386893
159.41177860918856
159.44054710369505
159.516384218859
159.3780532566846
159.50870631421122
159.6585576680941
159.33529879265015
159.22614549613053
159.39760645781453
159.3998112926278
159.04319823780827
159.0863617810232
159.35527285002055
158.89621806923782
158.8182655207109
158.9586069574492
158.79778346121665
158.57350805969753
158.58483455015136
158.3894237306768
158.42231667108686
158.20827719773897
158.1660318599617
158.20967622429285
158.07281714298819
158.06839939250207
157.92016917521968
157.80480444922873
157.67918153312434
157.73301470247674
157.44143236257977
157.30168590760488
157.4859239050924
157.51968704123095
157.2169559844603
157.15857304265893
156.98054467939113
157.03536017208813
157.0962580199311
156.74310236830837
156.9143467270524
156.81241449463795
156.92111951693732
156.72908892654027
156.69194514620025
156.5213449522748
156.63392505789088
156.40890055517767
156.34259569180094
156.1634742220969
156.40583391735865
156.4262936815168
156.18720726381068
156.20477423215158
155.99751455510847
156.1350367031032
155.9568285083833
155.9872792518537
156.00907680336206
156.02864373925127
155.8886373254658
155.86555783143538
156.0589491683438
155.8444714503477
155.90124074841066
155.6496456647154
155.53554048680544
155.5712586251476
155.3308873693502
155.2415620063828
155.24819521667158
155.16207551125095
154.9715980726785
154.99181055803476
154.9967756217603
154.93229670749352
154.7795913494535
155.109064391007
154.77261302452777
154.89124510011956
154.58216835525582
154.69004705287327
154.86581462757454
154.56893662620502
154.46620713944895
154.09867084080096
153.99430033233926
154.27157161757367
153.90185714551905
153.9007505144975
153.75561476575996
153.80312238131012
153.78105707650303
153.67033256568627
153.52123191743019
153.70512195503088
153.36781523406157
153.66640629604632
153.46233744759598
153.1951904628373
153.42628065689922
153.42893892515684
153.53640580269283
153.6202329093953
153.23209204705967
153.29033018656952
153.3706448184188
153.34332121108918
153.05316706208308
153.19192798036448
153.14778644199345
152.97495720920125
153.185870926586
152.89769517848282
152.92280110252597
153.06401656565964
152.9006103153121
152.86735643652352
152.79785008539878
152.8730301505713
152.7403208114652
152.95076567951776
152.837439288618
152.85844431891206
153.00079436384735
152.8344808046707
152.84708131789154
152.84376111017914
152.83082548405815
152.84649514756362
152.61118084518765
152.69338873054204
152.70724626101998
152.81848025041944
152.73238523525555
152.57465081354943
