543.1249702638673
488.3067040505467
379.1211322712194
287.69721891041286
237.43082504370176
212.82284240839303
200.2652656694296
193.10854726157868
188.53613747138823
185.55840107758357
183.3237960499354
181.54615444246753
180.12781789130804
178.95564698341317
178.26466502232128
177.07805238148555
176.44678630420313
175.93446406118105
175.142425081648
174.4291229508043
174.0408047139095
173.5422549270661
173.12484799007964
172.44375101507416
172.1928732321873
171.87229135923502
171.47979048585813
171.01111892389025
170.80939414081269
170.58512542036206
170.30470963390337
170.07911853471612
170.0033681705047
169.91807985761153
169.91501246863155
169.80309077391368
169.63684954933947
169.80280897113815
169.42523762190837
169.56350191755433
169.67225812501607
169.29386128268808
169.31802252282478
169.40282541511712
169.29378581664713
169.00159003379719
169.23573231103597
169.15127099504204
169.10772588278382
168.99078718408958
169.14319222127256
168.84109537386558
169.01187446719004
168.7650577808687
168.89532768189517
168.6927890696232
168.69619775759773
168.65544925824975
168.6253736100047
168.5974788126198
168.59467909040507
168.5273890070106
168.4144165439322
168.5540104504873
168.37898167967202
168.39535706649164
168.32451194852132
168.15417192726522
168.2904882164862
168.2221515451739
168.2359187120998
168.12561250712912
168.19199908247748
168.03266290915388
167.7819772966162
167.7817352714729
167.93416068249365
167.7610024578487
168.03869049484666
167.7147500111443
167.69679711597655
167.59026054116984
167.44257785742474
167.51205391674006
167.25736297008285
167.45892415707155
167.29085584642405
167.28243013991948
167.3538151506971
167.1001114556703
167.109309871918
166.63541715985772
166.77246468418437
166.38593064012164
166.60398712450544
166.5311061532039
166.22645398356832
165.890721880746
165.77393736392736
165.44284503890472
165.43422706844257
165.26593275856166
165.13615501240116
164.9841262698295
164.7860123208688
164.5269355363524
164.68443515910047
164.66040714004015
164.3387859561895
164.45945525714413
164.2574832160059
164.14191882140673
164.3076014339219
164.19889198699727
164.00072434133426
164.10200192242468
163.9854228162872
163.8973606074182
164.19466053580587
163.97622098545924
163.8424573217075
163.67390327448862
163.88226537422742
163.69454801913326
163.844613808308
163.8063648746749
163.58508738747236
163.4419184910534
163.52427466923095
163.53211974361906
163.4743453865049
163.2612212795941
162.94370852028848
163.1124492191871
162.84902032516504
162.8094646154755
162.69586999293736
162.7569552935168
162.7122006430779
162.54362291232465
162.56718143984625
162.46278943190458
162.4509383907622
162.46517442675804
162.35498719625656
162.56823334359254
162.32000334642552
162.21003528299417
162.4142957083917
162.22281316226992
162.32087246858828
162.14509913667462
162.12150367181792
162.23337957134225
161.9832203013475
161.90491478557294
162.00269948447144
162.07961090494197
161.9777367450519
162.20060057603183
161.9219890133914
162.04815043437185
161.9729886591301
161.79134590129578
161.98988669203328
161.88920948657793
161.69159921626667
161.82321906066474
161.83891552825062
161.81557956086246
161.8453915304559
161.73556135573705
161.50591177839192
161.72415191668415
161.60987154723745
161.59141116790755
161.7130869538526
161.74513201240836
161.6689772718849
161.66341276876568
161.43243624822964
161.53171734989184
161.18979401201742
161.47805623113146
161.60878835755997
161.37156208463676
161.28101294299003
161.50472032913237
161.28394373555926
161.35904220326503
161.31140988897377
161.4487379693059
161.35191244709023
161.35195663858298
161.2205262666593
161.38954092504727
161.20078771688256
161.1230280850038
161.0231876017775
161.1995060651781
161.2004394986255
161.01455749399034
161.28712974726838
161.09080813831912
160.86271163593034
161.0776459508792
161.02440310417094
161.020985332448
160.9989889318485
160.9199484724538
160.94272829467897
160.99581119851945
160.9357524726413
160.84099050888778
161.0722559963214
161.1386307072747
160.75765167823437
160.67680869078742
160.81930756752183
160.97307494587338
160.66654751222413
160.75467321493844
160.7854962332259
160.68482853126912
160.75660014122366
160.5571846235257
160.62420814352657
160.77663798035195
160.75007643637645
160.59314456127873
160.63249228582174
160.75673861393918
160.61626470468113
160.78350044832385
160.58830204049028
160.619452674539
160.56132393009528
160.4345406208999
160.64425775052885
160.4603432042219
160.62586907531457
160.47322318799033
160.5319763069233
160.4583470303194
160.60708645259103
160.65744524226096
160.53679437153983
160.42866005918108
160.54860528319676
160.65150667137127
160.61683587924685
160.31995039906803
160.40123659308293
160.4135649779909
160.59599795551912
160.26781810188174
160.4351986161485
160.16849502528453
160.22068183339474
160.23287203675915
160.36498289516223
160.29695038114681
160.3195054969171
160.26372589560512
160.24601487347417
160.2424178314401
160.26047069073192
160.32859871014017
160.43238092725784
160.09114508683007
160.31483660568364
160.29689629302263
160.3340793663629
160.23728705595892
160.03428589038361
160.1078128282039
160.1846221888821
160.10636433992116
159.8869241221176
160.23834244233797
159.98187767399037
160.17715397174408
160.05898365432571
160.1596102708032
159.8766492524137
160.18799619130812
160.1848452702324
160.04334557851297
160.1719348375703
160.14782914441219
160.18253839654184
160.13778570542294
160.17243734841077
160.18400674485207
160.16092034539196
160.07078474415238
160.0847707777097
160.04530550467354
160.15791431278979
159.8902535308015
160.31281744718189
160.09989936964016
159.95067237857342
160.04769657889864
159.8778066994442
159.8687042737917
159.79043948690511
160.03767495944328
160.3212718225721
160.21223485582362
159.87700076499428
159.89014480175095
159.9936644587791
159.81258883412218
159.8775709146246
159.99426817734818
159.97394502708238
160.00747782998425
159.80250430206402
159.94183696235623
160.01460516747474
159.84471866387656
159.76219855645527
160.04023802671594
159.84836895140293
159.8638234749743
159.9152655389178
159.91041920501021
159.75548784645866
159.7975490054312
159.8792502946164
159.7675334770266
159.9427700088387
159.81090036706698
159.9049310207136
159.85910216673696
159.60658504521928
160.01756010847424
159.83159932164162
159.80903566814635
159.9119543670044
159.7740224576658
160.02488672733347
159.81161987886316
159.8471330822856
159.77991217034042
159.7168194612729
159.72552773611443
159.69695886137495
159.65836172087248
159.61526800061145
159.87867972057973
159.77198210405575
159.6646828590045
159.53194149636528
159.71645385749747
159.683588741679
159.72945709167058
159.79250535952377
159.57788592070287
159.73196507381198
159.86789003801977
159.62103974012845
159.73747658998312
159.88246329601122
159.67565121710786
159.6152855072417
159.63945156197582
159.52424486374625
159.5728748011423
159.7470650732517
159.9121996259934
159.7700167298694
159.75703265081933
159.72729591513473
159.9312336609251
159.65868573591342
159.62141054114983
159.85624223704704
159.5953201809557
159.64969079681995
159.73876563399273
159.64763371623215
159.69798657820633
159.4033517335791
159.8884880367747
159.68397120036676
159.87041953381396
159.61034601116518
159.55855699803325
159.52634622347358
159.5932426124022
159.54929200469172
159.42584886478534
159.45746102396345
159.61885431460982
159.5357161594954
159.42162284470834
159.4189071722197
159.30927600792566
159.39193632423576
159.33609907730602
159.22218151628505
159.28928625783755
159.19802858117714
159.03686993301977
159.0723251391656
159.24656529126736
158.9902973615088
159.11935729364762
159.18454856396437
158.85511305945008
158.81842125667478
158.99608523968863
158.66691433786852
158.71052155017017
158.5118937612242
158.4326245053378
158.2299693517592
158.40424733433804
157.99581216691874
158.07557849964337
158.03557339798792
157.96813590509515
157.7200815747432
157.7829534678341
157.54162786536364
157.9332971066502
157.48299395972208
157.38502700071152
157.5618034632808
157.2566671845381
157.34306517386784
157.24000205163986
157.04449211974278
157.2048591225384
157.0461546581529
157.09003037255974
156.9803704421991
156.6217951991316
156.90517389477674
156.83625396521148
156.76347235260343
156.90670257023217
156.84825950462243
156.74237687581004
156.79611785515715
156.5001064982801
156.6517577581967
156.21564624514923
156.52643458220513
156.43623859316722
156.61703522404815
156.2788147738248
156.27209727800494
156.22458738748588
156.26217754306865
156.42464345137148
156.20029503190057
156.28027273904814
156.02257466062312
155.97470292757254
156.07689891229282
156.11433309948336
156.03135280984876
156.02456679572694
155.84906553076542
155.99703983012748
156.08868032540764
155.9878580212759
155.72806652415917
155.8576329920208
155.96226076321253
155.7727372525843
155.67156431208778
155.97074194227054
155.9187428681326
155.40816816111263
155.72683141572728
155.56407854311504
155.74092995780464
155.69331846276424
155.66049463150821
155.5364592325299
155.48380343739217
155.5002624337704
155.46921841997826
155.56309648116158
155.39206882230803
155.50455908230956
155.44653208638715
155.46647173934525
155.5709024663964
155.5117544173217
155.35215279097264
155.3102566502402
155.37794527309975
155.10729465551674
155.12161075056792
155.02023551767422
